-44.491325 -23.698338 8.144472
-29.673761 12.637815 -36.781513
-57.267803 -38.428734 36.917061
-61.359386 -12.941626 0.387139
-23.154764 -62.109962 52.279846
-6.834821 30.379211 52.348869
-34.527725 45.381702 18.760582
-7.037621 36.349964 0.012818
-7.317996 -58.574074 36.397163
-47.953358 -9.759830 48.704174
-4.092910 -17.477276 38.037640
-50.759754 -17.774467 50.834679
-13.785700 -82.203491 10.187619
-45.590740 29.897684 -0.397651
-41.780613 39.921001 -13.331708
-52.498192 15.950826 12.708220
-24.184633 -32.610748 -19.154390
-5.704173 -29.874151 53.806641
-63.568909 -31.359314 -12.930605
-5.131638 37.245338 -20.343275
-12.693762 -71.492996 -3.416870
-26.697315 28.573074 -13.841219
-28.716135 -92.716476 -5.829183
-8.332270 -48.172432 16.887312
-36.546124 -5.579605 3.160481
-54.005737 -37.692146 -26.172329
-40.871063 -69.744492 32.096409
-35.284203 -42.775188 -21.501560
-7.999903 63.146690 -8.532750
-23.546515 -7.396666 -33.482071
-3.709977 -76.289383 20.171501
-40.711433 14.641522 48.526733
-5.065071 19.156570 26.371817
-49.082870 -43.747719 4.039768
44.973549 -39.531868 6.709673
5.718488 19.710270 26.580164
41.613396 15.693666 47.755486
4.252711 -79.063927 21.829496
24.764149 -6.046002 -33.706139
8.727152 62.690880 -10.210796
35.280281 -42.948261 -20.436518
45.532475 -63.836662 30.603390
54.282326 -33.826813 -25.314198
37.449699 -5.654584 2.404897
8.759481 -46.903343 16.573410
29.761902 -92.274277 -2.450860
22.234631 28.130482 -12.097776
9.763975 -69.171677 -2.416857
7.175775 38.467175 -18.416000
65.626266 -28.152857 -12.988894
6.167214 -28.084034 53.348419
25.471188 -32.287949 -17.528454
54.023903 14.959453 14.250221
44.134632 40.736305 -13.347479
50.501095 28.321787 1.582828
15.746111 -80.983208 9.188559
50.368725 -15.838468 51.023857
4.435251 -16.698065 37.978035
45.912872 -6.974763 51.765491
9.022288 -58.082142 37.314838
7.363639 35.849739 0.414157
33.631168 44.759575 19.756948
6.840768 32.343685 52.711311
20.836588 -58.836151 53.064087
62.646706 -7.241802 -1.762143
57.735802 -32.752075 37.303673
30.939274 12.241914 -35.135769
44.926300 -22.073254 7.796012
